{
  "advancedEditorSelectedIdentifier" : "ProjectBrowser",
  "openSceneRelativePaths" : [
    "Scene.usda"
  ],
  "recentIdentifiers" : {

  },
  "sceneCameraHistory" : {
    "A653E0E7-4253-436D-988D-BF124ED16B25" : [
      {
        "date" : 765007915.092636,
        "title" : "Untitled",
        "transform" : [
          0.99953365,
          1.0942218e-08,
          0.030537413,
          0,
          0.0062723444,
          0.97867745,
          -0.20530723,
          0,
          -0.029886143,
          0.20540299,
          0.978221,
          0,
          0.13674745,
          0.24629852,
          0.46957344,
          1
        ]
      },
      {
        "date" : 765007901.177379,
        "title" : "Untitled",
        "transform" : [
          0.5999139,
          1.0939152e-08,
          0.80006444,
          0,
          0.25127652,
          0.94939965,
          -0.18841532,
          0,
          -0.7595809,
          0.3140704,
          0.5695582,
          0,
          0.00026719272,
          0.26741198,
          0.24316578,
          1
        ]
      },
      {
        "date" : 765007897.044322,
        "title" : "Untitled",
        "transform" : [
          0.66522115,
          2.052909e-08,
          0.7466463,
          0,
          0.48020843,
          0.7657369,
          -0.42783973,
          0,
          -0.5717346,
          0.6431539,
          0.5093845,
          0,
          0.03453991,
          0.35303175,
          0.23945248,
          1
        ]
      },
      {
        "date" : 765007891.243935,
        "title" : "Untitled",
        "transform" : [
          0.8834891,
          7.3360837e-09,
          0.46845174,
          0,
          0.15573457,
          0.9431225,
          -0.293712,
          0,
          -0.4418073,
          0.33244544,
          0.8332384,
          0,
          0.062319487,
          0.2720683,
          0.33158612,
          1
        ]
      },
      {
        "date" : 765007880.694265,
        "title" : "Untitled",
        "transform" : [
          0.5464923,
          1.3524353e-08,
          0.83746415,
          0,
          0.7868388,
          0.34241378,
          -0.51345646,
          0,
          -0.2867592,
          0.93954927,
          0.18712652,
          0,
          0.10168204,
          0.4382137,
          0.15812625,
          1
        ]
      },
      {
        "date" : 765007873.21303,
        "title" : "Untitled",
        "transform" : [
          0.6583704,
          2.8225447e-08,
          0.75269413,
          0,
          0.17220007,
          0.97347856,
          -0.15062088,
          0,
          -0.7327316,
          0.2287783,
          0.6409095,
          0,
          -0.2180916,
          0.08521218,
          0.1689527,
          1
        ]
      },
      {
        "date" : 765007870.427376,
        "title" : "Untitled",
        "transform" : [
          0.6583703,
          3.517775e-08,
          0.75269413,
          0,
          0.17220007,
          0.97347856,
          -0.1506209,
          0,
          -0.7327316,
          0.22877842,
          0.6409094,
          0,
          1.0359701,
          -0.07989485,
          -1.2150142,
          1
        ]
      },
      {
        "date" : 765007859.991972,
        "title" : "Untitled",
        "transform" : [
          0.6583703,
          3.517775e-08,
          0.75269413,
          0,
          0.17220007,
          0.97347856,
          -0.1506209,
          0,
          -0.7327315,
          0.22877839,
          0.6409093,
          0,
          -0.28284582,
          0.35946378,
          0.30789208,
          1
        ]
      },
      {
        "date" : 765007855.994684,
        "title" : "Untitled",
        "transform" : [
          0.94628084,
          4.6341498e-08,
          -0.32334566,
          0,
          -0.23759298,
          0.67828876,
          -0.69532293,
          0,
          0.21932168,
          0.7347955,
          0.64185154,
          0,
          0.12951027,
          0.61042833,
          0.53194934,
          1
        ]
      },
      {
        "date" : 765007844.694453,
        "title" : "Untitled",
        "transform" : [
          0.9767357,
          4.96899e-08,
          -0.21444643,
          0,
          -0.12679997,
          0.80645937,
          -0.5775336,
          0,
          0.17294233,
          0.5912895,
          0.7876976,
          0,
          0.100297466,
          0.54207253,
          0.70949876,
          1
        ]
      }
    ]
  },
  "sceneViewportBackgroundColors" : {

  }
}